GROUP,PACKAGE,CLASS,INSTRUCTION_MISSED,INSTRUCTION_COVERED,BRANCH_MISSED,BRANCH_COVERED,LINE_MISSED,LINE_COVERED,COMPLEXITY_MISSED,COMPLEXITY_COVERED,METHOD_MISSED,METHOD_COVERED
redpipe-engine,net.redpipe.engine.spi,Plugin,18,0,0,0,9,0,8,0,8,0
redpipe-engine,net.redpipe.engine.util,RedpipeUtil,5,0,0,0,2,0,2,0,2,0
redpipe-engine,net.redpipe.engine.mail,MockMailer,168,0,16,0,28,0,16,0,8,0
redpipe-engine,net.redpipe.engine.mail,MockMailer.SentMail,12,0,0,0,5,0,1,0,1,0
redpipe-engine,net.redpipe.engine.mail,Mail,162,0,14,0,42,0,22,0,15,0
redpipe-engine,net.redpipe.engine.mail,ProdMailer,153,0,8,0,28,0,9,0,5,0
redpipe-engine,net.redpipe.engine.template,AbstractTemplate.TemplateVariants,39,0,2,0,9,0,4,0,3,0
redpipe-engine,net.redpipe.engine.template,Template,118,0,10,0,32,0,15,0,10,0
redpipe-engine,net.redpipe.engine.template,TemplateResponseFilter,50,8,3,1,16,3,4,2,2,2
redpipe-engine,net.redpipe.engine.template,AbstractTemplate,288,0,28,0,64,0,26,0,12,0
redpipe-engine,net.redpipe.engine.core,MyBeanConfig,39,216,12,18,10,39,10,8,0,3
redpipe-engine,net.redpipe.engine.core,AppGlobals,70,123,8,2,17,39,12,20,8,19
redpipe-engine,net.redpipe.engine.core,Server.new ServletConfig() {...},6,17,0,0,2,3,2,3,2,3
redpipe-engine,net.redpipe.engine.core,Mode,0,24,0,0,0,2,0,1,0,1
redpipe-engine,net.redpipe.engine.core,Server,206,720,18,34,42,179,30,49,14,39
redpipe-engine,net.redpipe.engine.security,VertxPermissionAnnotationHandler,11,52,4,6,2,8,4,4,0,3
redpipe-engine,net.redpipe.engine.security,AuthorizationException,4,0,0,0,2,0,1,0,1,0
redpipe-engine,net.redpipe.engine.security,AuthorizationExceptionMapper,9,3,0,0,1,1,1,1,1,1
redpipe-engine,net.redpipe.engine.security,AuthenticationExceptionMapper,0,12,0,0,0,2,0,2,0,2
redpipe-engine,net.redpipe.engine.security,AuthorizationFilterFeature,12,88,5,13,2,19,5,7,0,3
redpipe-engine,net.redpipe.engine.security,LoginRedirectFilter,43,0,2,0,10,0,3,0,2,0
redpipe-engine,net.redpipe.engine.security,AuthorizingAnnotationHandler,0,10,0,0,0,3,0,2,0,2
redpipe-engine,net.redpipe.engine.security,BaseSecurityResource,103,0,14,0,22,0,12,0,5,0
redpipe-engine,net.redpipe.engine.security,VertxUserAnnotationHandler,0,21,1,3,0,6,1,3,0,2
redpipe-engine,net.redpipe.engine.security,AuthorizationFilter,34,107,8,10,3,28,7,8,1,5
redpipe-engine,net.redpipe.engine.security,AuthenticationException,0,4,0,0,0,2,0,1,0,1
redpipe-engine,net.redpipe.engine.context,AppGlobalsContextProvider,0,12,0,0,0,5,0,4,0,4
redpipe-engine,net.redpipe.engine.rxjava2,MaybeProvider.MaybeAdaptor,7,20,0,0,2,5,1,2,1,2
redpipe-engine,net.redpipe.engine.rxjava2,MaybeProvider,0,8,0,0,0,2,0,2,0,2
redpipe-engine,net.redpipe.engine.rxjava2,CompletableProvider,0,8,0,0,0,2,0,2,0,2
redpipe-engine,net.redpipe.engine.rxjava2,CompletableProvider.CompletableAdaptor,7,18,0,0,2,5,1,2,1,2
redpipe-engine,net.redpipe.engine.resteasy,PermissionInjector,6,38,2,4,2,7,2,3,0,2
redpipe-engine,net.redpipe.engine.resteasy,FileResource,56,0,6,0,10,0,5,0,2,0
redpipe-engine,net.redpipe.engine.resteasy,DefaultExceptionMapper,8,53,1,1,1,11,1,2,0,2
redpipe-engine,net.redpipe.engine.resteasy,BufferBodyWriter,16,8,3,1,3,2,3,2,1,2
redpipe-engine,net.redpipe.engine.resteasy,RxVertxProvider,0,45,0,0,0,18,0,2,0,2
redpipe-engine,net.redpipe.engine.resteasy,JsonObjectBodyWriter,14,8,1,1,3,2,3,2,2,2
redpipe-engine,net.redpipe.engine.resteasy,JsonObjectBodyReader,19,3,2,0,3,1,3,1,2,1
redpipe-engine,net.redpipe.engine.resteasy,SQLConnectionInjector,3,3,0,0,1,1,1,1,1,1
redpipe-engine,net.redpipe.engine.resteasy,ResteasyFilterContext,262,0,0,0,71,0,54,0,54,0
redpipe-engine,net.redpipe.engine.resteasy,RedpipeServletContext,106,37,0,0,51,9,49,4,49,4
redpipe-engine,net.redpipe.engine.dispatcher,VertxHttpResponseWithWorkaround,8,61,3,7,3,15,4,6,1,4
redpipe-engine,net.redpipe.engine.dispatcher,VertxPluginRequestHandler,27,122,1,3,9,27,1,6,0,5
redpipe-engine,net.redpipe.engine.dispatcher,PluginRequestDispatcher,29,33,1,1,1,8,2,3,1,3
redpipe-engine,net.redpipe.engine.rxjava,CompletableProvider.CompletableAdaptor,7,18,0,0,2,5,1,2,1,2
redpipe-engine,net.redpipe.engine.rxjava,CompletableProvider,0,8,0,0,0,2,0,2,0,2
redpipe-engine,net.redpipe.engine.swagger,RxModelConverter,2,114,2,10,1,26,2,8,0,4
redpipe-engine,net.redpipe.engine.db,SQLUtil,50,0,0,0,14,0,10,0,10,0
redpipe-cdi,net.redpipe.cdi,CdiPlugin.new InitialContextFactoryBuilder() {...},0,11,0,0,0,2,0,2,0,2
redpipe-cdi,net.redpipe.cdi,CdiPlugin.1.1.new InitialContext() {...},0,19,0,2,0,4,0,3,0,2
redpipe-cdi,net.redpipe.cdi,CdiGlobalProvider,10,9,0,0,3,3,3,3,3,3
redpipe-cdi,net.redpipe.cdi,CdiPlugin,3,154,0,2,2,40,0,12,0,11
redpipe-cdi,net.redpipe.cdi,App,7,0,0,0,3,0,2,0,2,0
redpipe-cdi,net.redpipe.cdi,CdiPlugin.1.new InitialContextFactory() {...},0,13,0,0,0,3,0,2,0,2
redpipe-service-discovery,net.redpipe.discovery,DiscoveryRecordInjector,2,43,1,3,1,6,1,4,0,3
redpipe-service-discovery,net.redpipe.discovery,DiscoveryPlugin,10,161,5,11,1,30,5,6,0,3
redpipe-service-discovery,net.redpipe.discovery,DiscoveryWebClientInjector,2,53,1,3,1,7,1,5,0,4
